x <- 55 + 45
x
